-0.686642 -0.860489 -0.124725 -0.203127 -0.793658 -0.647579 0.995598 0.495619 -0.342446 0.350952 0.064882 0.529743 -0.008045 -0.211346 0.115121 -0.578234 -0.046831 0.251928 -0.479110 -0.624767 -0.210957 0.550843 0.680375
-0.198111 0.898654 0.863670 0.629534 -0.747849 -0.519875 -0.891885 0.257820 -0.537144 -0.034099 -0.824713 0.398151 -0.417893 0.317662 -0.147601 -0.052212 -0.660360 0.672207 0.299318 0.237917 0.412133 0.589820 -0.211234
-0.729502 0.052028 0.861905 0.369021 -0.008189 0.595866 0.741236 -0.929057 -0.851370 -0.036023 -0.477592 -0.757268 -0.639156 0.219251 0.671520 0.731085 0.219646 -0.383531 0.104801 0.400768 0.738138 -0.474143 0.566201
-0.782382 -0.827888 0.441905 0.821944 0.520950 0.465309 -0.855342 0.495606 0.266144 -0.390089 0.754768 0.371572 0.368357 -0.482188 -0.211223 -0.812161 0.051494 -0.557981 0.839182 0.135662 0.094794 0.208758 0.596880
0.997849 -0.615572 -0.431413 -0.035019 0.969503 0.313127 -0.991677 0.666477 -0.552687 0.424175 0.372250 -0.232336 0.455101 -0.697540 -0.511346 -0.800881 0.237851 -0.603959 0.371973 -0.997749 0.477919 -0.058872 0.823295
-0.563486 0.326454 0.477069 -0.568350 0.870008 0.934810 0.846138 0.850753 0.302264 -0.634888 -0.812520 0.548547 -0.721884 -0.854910 -0.347973 -0.234208 0.192392 0.224884 0.619571 -0.988582 0.864969 -0.666091 -0.604897
0.025865 0.780465 0.279958 0.900505 0.368890 0.278917 0.187784 0.746543 0.021372 0.243646 -0.777449 0.886103 0.206218 -0.784303 0.458720 -0.396474 -0.532688 -0.780535 0.395696 -0.389522 -0.533762 0.590981 -0.329554
0.678224 -0.302214 -0.291903 0.840256 -0.233623 0.519470 -0.639255 0.662075 0.942931 -0.918271 -0.276798 0.832546 -0.015157 0.294415 0.277308 0.314240 0.659617 0.349211 -0.376099 -0.476859 0.853152 0.730171 0.536459
0.225280 -0.871657 0.375723 -0.704680 0.499542 -0.813039 -0.673737 0.958868 -0.439916 -0.172033 0.153381 0.723834 0.676267 -0.272803 0.969689 0.618191 -0.859820 0.564525 0.291778 0.310736 0.102886 0.746043 -0.444451
-0.407937 -0.959954 -0.668052 0.762124 -0.262673 -0.730195 -0.216620 0.487622 0.092214 0.391968 0.186423 -0.592904 0.448504 -0.423461 -0.323514 -0.736596 -0.802325 0.438924 -0.987990 0.715110 0.866840 0.328829 0.107940
0.275105 -0.084597 -0.119791 0.282161 -0.411679 0.040420 0.826053 0.806733 0.438537 0.347873 0.333113 0.587314 -0.643585 -0.337228 0.795120 -0.896983 0.847456 -0.599295 0.065920 -0.637678 -0.011186 -0.175035 -0.045206
0.048574 -0.873808 0.760150 -0.136093 -0.535477 -0.843536 0.639390 0.967191 -0.773439 0.275280 -0.422444 0.096084 -0.556069 -0.817703 -0.727851 -0.893155 -0.660701 -0.197625 0.687819 -0.317291 0.105137 0.223961 0.257742
-0.012834 -0.523440 0.658402 0.239193 0.168977 -0.860187 -0.281809 0.333761 -0.057033 -0.305768 0.551535 -0.405423 -0.002949 -0.145345 -0.178424 -0.084569 -0.036533 -0.368684 0.236894 0.334681 0.878258 0.193798 -0.270431
0.945550 0.941268 -0.339326 -0.437881 -0.511175 -0.590690 0.104970 -0.005483 0.185080 -0.630755 -0.423241 0.809865 -0.757482 0.868989 -0.989183 0.561737 -0.549018 -0.131983 0.285385 0.758019 0.599291 0.291203 0.026802
-0.410216 0.804425 -0.541949 0.572447 -0.694611 -0.077039 0.158940 -0.671950 0.888771 0.218252 -0.340331 0.819422 -0.723523 0.167554 0.569978 0.384370 0.653618 -0.537950 0.037104 0.306680 0.628391 0.077232 0.904460
0.542715 0.701840 0.786745 -0.385084 0.464297 0.639355 -0.094848 0.660024 -0.098165 0.254316 -0.620498 0.747958 -0.279115 -0.469077 0.548772 -0.114880 -0.418343 -0.228504 -0.198582 -0.373541 0.188995 -0.703316 0.832390
0.053490 -0.466668 -0.299280 -0.105933 -0.749050 0.146637 0.374775 0.777897 -0.327298 0.461459 0.968726 -0.003712 -0.350386 0.317493 -0.412644 -0.761777 -0.285614 0.065692 -0.275691 0.770028 0.314402 0.158043 0.271423
0.539828 0.079521 0.373340 -0.547787 0.586941 0.511162 -0.800720 -0.846011 0.695369 -0.343251 -0.992843 0.152399 0.863791 0.523556 -0.770664 0.179273 0.756555 -0.690552 0.437734 -0.627470 0.990600 -0.934073 0.434594
-0.199543 -0.249586 0.912936 -0.624934 -0.671796 -0.896122 0.061616 0.299414 -0.130973 0.480877 0.654782 -0.674487 0.816969 -0.025146 0.731070 0.157270 -0.311498 0.110795 0.603793 -0.685722 0.871704 0.401821 -0.716795
0.783059 0.520497 0.177280 -0.447531 0.490143 -0.684386 0.514588 -0.503912 -0.993537 -0.595574 -0.337042 -0.452178 0.244191 -0.685456 0.442012 0.059798 0.629817 -0.970841 0.355625 0.006922 -0.350917 0.036301 0.213938
-0.433371 0.025071 0.314608 0.112888 -0.850940 0.999987 -0.391410 0.258959 -0.310114 0.841829 -0.623598 0.729158 0.673656 0.766073 -0.901675 0.190091 0.318292 -0.239571 -0.694248 0.657915 0.748619 0.665218 -0.967399
-0.295083 0.335448 0.717353 -0.166997 0.900208 -0.591343 0.984457 -0.541726 0.196963 0.369513 -0.127006 -0.015202 0.636255 0.251331 -0.101790 -0.276166 -0.927345 -0.235666 -0.934215 0.351308 0.178313 0.030098 -0.514226
0.615449 0.063213 -0.120880 -0.660786 -0.894941 0.779911 0.153942 0.401240 0.666487 0.306261 0.917274 -0.072676 -0.007851 0.035429 0.972934 -0.391429 -0.485062 -0.389184 -0.872879 0.808340 0.275542 -0.774704 -0.725537
0.838053 -0.921439 0.847940 0.813608 0.043127 -0.749063 0.755228 -0.366266 -0.532217 -0.485469 0.837861 0.697884 -0.330057 -0.584313 0.415818 0.777447 0.556515 0.474815 0.371444 -0.617777 0.518647 -0.020380 0.608353
-0.045277 0.798172 0.443648 -0.252888 0.782996 0.893281 -0.669750 -0.921966 0.542004 0.178237 0.467370 0.406373 -0.853529 0.701414 -0.106327 0.502052 -0.837470 -0.126603 -0.866051 0.587089 0.343682 -0.040446 0.356567 -0.105336 0.029279
0.990330 0.534027 1.429168 -0.601995 1.009215 -0.755348 -0.617339 0.006358 0.749343 -0.883895 -0.406859 -0.334216 0.028764 -0.143808 0.895305 -0.302905 -0.244006 -0.863769 -0.762953 -0.108928 -0.941048 -0.459359 0.401387 -0.099909 -0.760318
-0.882554 -0.332862 -0.109908 0.293040 -0.694413 0.731358 -0.116827 0.587265 0.356909 0.779106 -0.512185 -0.570952 0.779625 -0.271491 0.741435 -0.693941 -0.726088 -0.346236 0.013627 -0.276745 0.511891 -0.600552 0.624567 0.254528 0.588161
-0.851479 0.073485 -0.221433 0.185384 -0.105012 0.246389 0.296127 0.505873 0.362880 0.891003 0.266206 0.518417 0.222822 -0.824130 -1.008695 0.874535 0.319755 -0.657113 -0.646627 -0.805912 0.199413 -0.424527 0.625101 -0.799521 -0.231659
0.281533 -0.561728 0.118903 0.353108 -0.018946 0.437333 0.835854 -0.281555 0.813787 -0.887956 0.081971 -0.483777 0.062065 -0.610775 0.155111 0.527137 -0.771082 -0.375027 0.861145 0.621331 -0.721998 0.315286 0.552015 -0.342898 0.280992
0.194560 -0.044898 0.030457 0.192681 0.564719 0.849079 -0.824030 0.970196 -0.399823 0.850439 -0.992442 0.367148 0.642662 0.003792 0.405269 -0.832381 0.761366 -0.083905 -0.806694 -0.251060 -0.712117 0.894002 -0.968839 0.713136 -0.121491
-0.554795 0.899641 0.177029 -0.882279 0.341986 -0.631868 0.292421 -0.864889 0.568736 -0.061900 0.926814 -0.967645 0.917914 0.960824 0.439713 1.026091 0.164899 -0.869568 -0.160099 0.558333 -0.608204 -0.556165 0.244723 0.279159 -0.648258
-0.560424 -0.067663 -0.889606 0.121744 0.942726 -0.435432 -0.847523 0.058466 -0.392762 -0.486062 -0.293537 0.690246 0.473494 -0.682976 0.597637 0.701909 -0.578274 0.581088 0.203753 0.879725 0.554821 0.013829 0.246532 -0.780289 -0.162474
0.260486 0.768636 0.084750 0.127235 -0.658471 -0.665669 -0.181636 -0.567250 0.649598 0.174022 -0.557715 0.704822 -0.312081 -0.887682 -0.706537 -0.286055 0.336651 -0.822132 0.307684 0.729400 0.688563 0.556925 0.558384 0.642434 -0.475081
0.847025 0.934554 -0.364848 -0.514748 -0.365353 -0.594046 0.041742 0.372452 -0.573019 -0.662326 0.094138 0.201525 -0.280116 -0.390856 0.498310 0.433796 0.057770 0.058700 0.449548 0.711778 0.470623 0.872698 0.597719 0.548292 -0.137582
0.475877 -0.632469 0.071933 -0.962178 0.888434 0.252250 -0.002883 0.523592 0.306178 0.169170 -0.074084 -0.357045 -0.912169 0.738130 0.703522 0.036975 -0.375313 -0.493658 0.202770 0.552878 -0.631949 -0.715763 -0.307463 -0.078503 -0.841062
-0.074296 -0.083922 0.878820 -0.312317 -0.299948 -0.647522 -0.445649 -0.376772 -0.925222 -0.047291 -0.417668 0.335920 -0.952274 0.149167 -0.755764 -0.163229 0.886444 0.483268 -0.218795 0.238391 0.333414 -0.410797 -0.878594 -0.298412 0.403189
-0.122876 0.560448 -0.649982 -0.981853 0.767806 -0.746662 -0.542919 0.747630 -0.828148 0.631098 0.328763 0.053660 -0.989848 -0.795565 -0.515192 0.277013 0.536411 0.611785 0.613795 0.001214 -0.374021 0.122015 0.728961 -0.242587 0.116381
0.701173 0.532895 0.065354 0.847385 0.443620 -0.544896 0.773130 0.241776 -0.737101 0.852135 0.238619 0.696000 -0.025492 0.959930 -0.632537 -0.403689 -0.755827 0.440160 0.103701 0.197663 -0.788847 0.289040 -0.706207 -0.507269 0.574243
0.905324 0.809563 0.329141 0.202853 -0.127856 0.893849 0.052861 -0.396495 -0.591161 0.053045 -0.192790 -0.499579 -0.414229 0.939457 0.279258 0.121516 -0.923470 1.104231 0.763644 -0.074664 0.776866 0.746828 -0.721485 0.119820 0.085898
0.897822 -0.484829 -0.779073 0.541372 -0.459701 -0.972268 -0.624501 -0.905583 -0.733578 0.164500 -0.467631 -0.487544 0.416525 -0.674218 -0.809458 -0.745967 0.029872 0.727760 -0.562468 0.151861 -0.795533 -0.534304 -0.286103 -0.869449 -0.112313
-0.186185 1.345080 0.489508 -0.057503 -0.107549 -0.376722 -0.577686 -0.538550 0.294325 -0.400174 -0.573339 0.461164 -0.297899 -0.423885 -0.820454 0.714027 0.708621
